0001111111011001
0001111110001111
0001111110010101
0001111110010010
0001111111000000
0001111110000100
0001111110000101
0001111110010011
0001111110001001
0001111110000111
0001111110001110
0001111111000000
0001111110001000
0001111110000101
0001111110010010
0001111110000101
0001111111000000
0001111111000000
0001111111000000
0001111111000000
0001111111000000
0001111111000000
0001111111000000
0001111111000000
0001111111000000
0001111111000000
0001111111000000
0001111111000000
0001111111000000
0001111111000000
0001111111000000
0001111111000000
0001111111000000
0001111111000000
0001111111000000
0001111111000000
0001111111000000
0001111111000000
0001111111000000
0001111111000000
0001111111000000
0001111111000000
0001111111000000
0001111111000000
0001111111000000
0001111111000000
0001111111000000
0001111111000000
0001111111000000
0001111111000000
0001111111000000
0001111111000000
0001111111000000
0001111111000000
0001111111000000
0001111111000000
0001111111000000
0001111111000000
0001111111000000
0001111111000000
0001111111000000
0001111111000000
0001111111000000
0001111111000000
0001111111000000
0001111111000000
0001111111000000
0001111111000000
0001111111000000
0001111111000000
0001111111000000
0001111111000000
0001111111000000
0001111111000000
0001111111000000
0001111111000000
0001111111000000
0001111111000000
0001111111000000
0001111111000000
0001111111000000
0001111111000000
0001111111000000
0001111111000000
0001111111000000
0001111111000000
0001111111000000
0001111111000000
0001111111000000
0001111111000000
0001111111000000
0001111111000000
0001111111000000
0001111111000000
0001111111000000
0001111111000000
0001111111000000
0001111111000000
0001111111000000
0001111111000000
0001111111000000
0001111111000000
0001111111000000
0001111111000000
0001111111000000
0001111111000000
0001111111000000
0001111111000000
0001111111000000
0001111111000000
0001111111000000
0001111111000000
0001111111000000
0001111111000000
0001111111000000
0001111111000000
0001111111000000
0001111111000000
0001111111000000
0001111111000000
0001111111000000
0001111111000000
0001111111000000
0001111111000000
0001111111000000
0001111111000000
0001111111000000
0001111111000000
0001111111000000
0001111111000000
0001111111000000
0001111111000000
0001111111000000
0001111111000000
0001111111000000
0001111111000000
0001111111000000
0001111111000000
0001111111000000
0001111111000000
0001111111000000
0001111111000000
0001111111000000
0001111111000000
0001111111000000
0001111111000000
0001111111000000
0001111111000000
0001111111000000
0001111111000000
0001111111000000
0001111111000000
0001111111000000
0001111111000000
0001111111000000
0001111111000000
0001111111000000
0001111111000000
0001111111000000
0001111111000000
0001111111000000
0001111111000000
0001111111000000
0001111111000000
0001111111000000
0001111111000000
0001111111000000
0001111111000000
0001111111000000
0001111111000000
0001111111000000
0001111111000000
0001111111000000
0001111111000000
0001111111000000
0001111111000000
0001111111000000
0001111111000000
0001111111000000
0001111111000000
0001111111000000
0001111111000000
0001111111000000
0001111111000000
0001111111000000
0001111111000000
0001111111000000
0001111111000000
0001111111000000
0001111111000000
0001111111000000
0001111111000000
0001111111000000
0001111111000000
0001111111000000
0001111111000000
0001111111000000
0001111111000000
0001111111000000
0001111111000000
0001111111000000
0001111111000000
0001111111000000
0001111111000000
0001111111000000
0001111111000000
0001111111000000
0001111111000000
0001111111000000
0001111111000000
0001111111000000
0001111111000000
0001111111000000
0001111111000000
0001111111000000
0001111111000000
0001111111000000
0001111111000000
0001111111000000
0001111111000000
0001111111000000
0001111111000000
0001111111000000
0001111111000000
0001111111000000
0001111111000000
0001111111000000
0001111111000000
0001111111000000
0001111111000000
0001111111000000
0001111111000000
0001111111000000
0001111111000000
0001111111000000
0001111111000000
0001111111000000
0001111111000000
0001111111000000
0001111111000000
0001111111000000
0001111111000000
0001111111000000
0001111111000000
0001111111000000
0001111111000000
0001111111000000
0001111111000000
0001111111000000
0001111111000000
0001111111000000
0001111111000000
0001111111000000
0001111111000000
0001111111000000
0001111111000000
