0001001001000001
0001001001001101
0001001001001001
0000000001000000
0000000001000000
0000000001000000
0000000001000000
0000000001000000
0000000001000000
0000000001000000
0000000001000000
0000000001000000
0000000001000000
0000000001000000
0000000001000000
0000000001000000
0000000000011100
0000000000100100
0000000000011100
0000000000011111
0000000001000000
0000000001100011
0000000000000011
0000000001100100
0000000001000000
0000000001000000
0000000001000000
0000000001000000
0000000001000000
0000000001000000
0000000001000000
0000000001000000
0000000001000000
0000000001000000
0000000001000000
0000000001000000
0000000001000000
0000000001000000
0000000001000000
0000000001000000
0000000001000000
0000000001000000
0000000001000000
0000000001000000
0000000001000000
0000000001000000
0000000001000000
0000000001000000
0001001001000001
0000000001000000
0001001000000110
0001001000000001
0001001000010100
0001001000000001
0001001000001100
0000000001000000
0001001000000101
0001001000010010
0001001000010010
0001001000001111
0001001000010010
0000000001000000
0000000001000000
0000000001000000
0001001000001111
0001001000000011
0001001000000011
0001001000010101
0001001000010010
0001001000000101
0001001000000100
0001001000100111
0000000001000000
0000000001000000
0000000001000000
0000000001000000
0000000001000000
0000000001000000
0000000001000000
0000000001000000
0000000001000000
0000000001000000
0000000001000000
0000000001000000
0000000001000000
0000000001000000
0000000001000000
0000000001000000
0000000001000000
0000000001000000
0000000001000000
0000000001000000
0000000001000000
0000000001000000
0000000001000000
0000000001000000
0000000001010100
0000000000001000
0000000000000101
0000000001000000
0000000000000011
0000000000010101
0000000000010010
0000000000010010
0000000000000101
0000000000001110
0000000000010100
0000000001000000
0000000001000000
0000000001000000
0000000001000000
0000000001000000
0000000000000001
0000000000000100
0000000000000100
0000000000010010
0000000000000101
0000000000010011
0000000000010011
0000000001000000
0000000000010101
0000000000010011
0000000000000101
0000000000000100
0000000001000000
0000000001000000
0000000001000000
0000000001000000
0000000000001001
0000000000010011
0000000001000000
0000000000001110
0000000000001111
0000000000010100
0000000001000000
0000000001000000
0000000001000000
0000000001000000
0000000001000000
0000000001000000
0000000001000000
0000000001000000
0000000001000000
0000000001000000
0000000000010010
0000000000000101
0000000000000011
0000000000001111
0000000000000111
0000000000001110
0000000000001001
0000000000010011
0000000000000101
0000000000000100
0000000000100111
0000000001000000
0000000001000000
0000000001000000
0000000001000000
0000000001000000
0000000001000000
0000000001000000
0000000001000000
0000000001000000
0000000001000000
0000000001000000
0000000001000000
0000000001000000
0000000001000000
0000000001000000
0000000001000000
0000000001000000
0000000001000000
0000000001000000
0000000001000000
0000000001000000
0000000001000000
0000000001000000
0000000001000000
0000000001000000
0000000001000000
0000000001000000
0000000001000000
0000000001000000
0000000001000000
0000000001000000
0000000001000000
0000000001000000
0000000001000000
0000000001000000
0000000001000000
0000000001000000
0000000001100011
0000000000100100
0000000000011000
0000000000000110
0000000000000110
0000000000011011
0000000000100100
0000000000011011
0000000000100100
0000000000100100
0000000001100100
0000000001000000
0000000001000000
0000000001000000
0000000001000000
0000000001000000
0000000001000000
0000000001000000
0000000001000000
0000000001000000
0000000001000000
0000000001000000
0000000001000000
0000000001000000
0000000001000000
0000000001000000
0000000001000000
0000000001000000
0000000001000000
0000000001000000
0000000001000000
0000000001000000
0000000001000000
0000000001000000
0000000001000000
0000000001000000
0000000001000000
0000000001000000
0000000001000000
0000000001000000
0000000001000000
0000000001000000
0000000001000000
0000000001000000
0000000001000000
0000000001000000
0000000001000000
0000000001000000
0000000001000010
0000000001001001
0000000001001111
0000000001010011
0000000001000000
0000000000010110
0000000000011011
0000000000100111
0000000000011101
0000000000011011
0000000000100111
0000000000011011
0000000001000000
0000000001000000
0000000001000000
0000000001000000
