0000000001010000
0000000001001101
0000000001010110
0000000000011101
0000000001000000
0000000001000000
0000000001000000
0000000001000000
0000000001000000
0000000001000000
0000000001000000
0000000001000000
0000000001000000
0000000001000000
0000000001000000
0000000001000000
0000000000101010
0000000000101010
0000000000101010
0000000000101010
0000000000101010
0000000000101010
0000000000101010
0000000000101010
0000000000101010
0000000000101010
0000000000101010
0000000000101010
0000000000101010
0000000000101010
0000000000101010
0000000000101010
0000000001000000
0000000001000000
0000000001000000
0000000001000000
0000000001000000
0000000001000000
0000000001000000
0000000001000000
0000000001000000
0000000001000000
0000000001000000
0000000001000000
0000000001000000
0000000001000000
0000000001000000
0000000001000000
0000000001010000
0000000000001111
0000000000010111
0000000000000101
0000000000010010
0000000001000000
0000000001010011
0000000000010100
0000000000000001
0000000000010100
0000000000010101
0000000000010011
0000000001101001
0000000001000000
0000000001000000
0000000001000000
0001101101010111
0001101100000001
0001101100001001
0001101100010100
0001101100001001
0001101100001110
0001101100000111
0001101100100111
0001101100100111
0001101100100111
0000000001000000
0000000001000000
0000000001000000
0000000001000000
0000000001000000
0000000001000000
0000000001000000
0000000001000000
0000000001000000
0000000001000000
0000000001000000
0000000001000000
0000000001000000
0000000001000000
0000000001000000
0000000001000000
0000000001000000
0000000001000000
0000000001000000
0000000001000000
0000000001000000
0000000001000000
0000000001000110
0000000000000001
0000000000000011
0000000000001001
0000000000001100
0000000000001001
0000000000010100
0000000000011001
0000000001000000
0000000001010011
0000000000010100
0000000000000001
0000000000010100
0000000000010101
0000000000010011
0000000001101001
0001101101010111
0001101100000001
0001101100001001
0001101100010100
0001101100001001
0001101100001110
0001101100000111
0001101100100111
0001101100100111
0001101100100111
0000000001000000
0000000001000000
0000000001000000
0000000001000000
0000000001000000
0000000001000000
0000000001000000
0000000001000000
0000000001000000
0000000001000000
0000000001000000
0000000001000000
0000000001000000
0000000001000000
0000000001000000
0000000001000000
0000000001000000
0000000001000000
0000000001000000
0000000001000000
0000000001000000
0000000001000000
0000000001000000
0000000001000000
0000000001000000
0000000001000000
0000000001000000
0000000001000000
0000000001000000
0000000001000000
0000000001000000
0000000001000000
0000000001000000
0000000001000000
0000000001000000
0000000001000000
0000000001000000
0000000001000000
0000000001000000
0000000001000000
0000000001000000
0000000001000000
0000000001000000
0000000001000000
0000000001000000
0000000001000000
0000000001000000
0000000001000000
0000000001000000
0000000001000000
0000000001000000
0000000001000000
0000000001000000
0000000001000000
0000000001000000
0000000001000000
0000000001000000
0000000001000000
0000000001000000
0000000001000000
0000000001000000
0000000001000000
0000000001000000
0000000001000000
0000000001000000
0000000001000000
0000000001000000
0000000001000000
0000000001000000
0000000001000000
0000000001000000
0000000001000000
0000000001000000
0000000001000000
0000000001000000
0000000001000000
0000000001000000
0000000001000000
0000000001000000
0000000001000000
0000000001000000
0000000001000000
0000000001000000
0000000001000000
0000000001000000
0000000001000000
0000000001000000
0000000001000000
0000000001000000
0000000001000000
0000000001000000
0000000001000000
0000000001000000
0000000001000000
0000000001000000
0000000001000000
0000000001000000
0000000001000000
0000000001000000
0000000001000000
0000000001000000
0000000001000000
0000000001000000
0000000001000000
0000000001000000
0000000001000000
0000000001000000
0000000001000000
0000000001000000
0000000001000000
0000000001000000
0000000001000000
0000000001000000
0000000001000000
0000000001000000
0000000001000000
0000000001000000
0000000001000000
0000000001010000
0000000000000001
0000000000000111
0000000000000101
0000000001000000
0000000000011011
0000000001000000
0000000000001111
0000000000000110
0000000001000000
0000000000011100
0000000000100111
0000000001000000
0000000001000000
0000000001000000
0000000001000000
