0000000001010000
0000000001001101
0000000001010110
0000000000011101
0000000001000000
0000000001000000
0000000001000000
0000000001000000
0000000001000000
0000000001000000
0000000001000000
0000000001000000
0000000001000000
0000000001000000
0000000001000000
0000000001000000
0000000000101010
0000000000101010
0000000000101010
0000000000101010
0000000000101010
0000000000101010
0000000000101010
0000000000101010
0000000000101010
0000000000101010
0000000000101010
0000000000101010
0000000000101010
0000000000101010
0000000000101010
0000000000101010
0000000001000000
0000000001000000
0000000001000000
0000000001000000
0000000001000000
0000000001000000
0000000001000000
0000000001000000
0000000001000000
0000000001000000
0000000001000000
0000000001000000
0000000001000000
0000000001000000
0000000001000000
0000000001000000
0000000001010000
0000000000001111
0000000000010111
0000000000000101
0000000000010010
0000000001000000
0000000001010011
0000000000010100
0000000000000001
0000000000010100
0000000000010101
0000000000010011
0000000001101001
0000000001000000
0000000001000000
0000000001000000
0000100101001111
0000100101001110
0000100101001100
0000100101001001
0000100101001110
0000100101000101
0000000001000000
0000000001000000
0000000001000000
0000000001000000
0000000001000000
0000000001000000
0000000001000000
0000000001000000
0000000001000000
0000000001000000
0000000001000000
0000000001000000
0000000001000000
0000000001000000
0000000001000000
0000000001000000
0000000001000000
0000000001000000
0000000001000000
0000000001000000
0000000001000000
0000000001000000
0000000001000000
0000000001000000
0000000001000000
0000000001000000
0000000001000110
0000000000000001
0000000000000011
0000000000001001
0000000000001100
0000000000001001
0000000000010100
0000000000011001
0000000001000000
0000000001010011
0000000000010100
0000000000000001
0000000000010100
0000000000010101
0000000000010011
0000000001101001
0000100101000111
0000100101001111
0000100101001111
0000100101000100
0000000001000000
0000000001000000
0000000001000000
0000000001000000
0000000001000000
0000000001000000
0000000001000000
0000000001000000
0000000001000000
0000000001000000
0000000001000000
0000000001000000
0000000001000000
0000000001000000
0000000001000000
0000000001000000
0000000001000000
0000000001000000
0000000001000000
0000000001000000
0000000001000000
0000000001000000
0000000001000000
0000000001000000
0000000001000000
0000000001000000
0000000001000000
0000000001000000
0000000001000000
0000000001000000
0000000001000000
0000000001000000
0000000001000000
0000000001000000
0000000001000000
0000000001000000
0000000001000000
0000000001000000
0000000001000000
0000000001000000
0000000001000000
0000000001000000
0000000001000000
0000000001000000
0000000001000000
0000000001000000
0000000001000000
0000000001000000
0000000001000000
0000000001000000
0000000001000000
0000000001000000
0000000001000000
0000000001000000
0000000001000000
0000000001000000
0000000001000000
0000000001000000
0000000001000000
0000000001000000
0000000001000000
0000000001000000
0000000001000000
0000000001000000
0000000001000000
0000000001000000
0000000001000000
0000000001000000
0000000001000000
0000000001000000
0000000001000000
0000000001000000
0000000001000000
0000000001000000
0000000001000000
0000000001000000
0001110001010011
0001110000010100
0001110000000001
0001110000010100
0001110000010101
0001110000010011
0001110001101001
0000000001000000
0000000001000000
0000000001000000
0000000001000000
0000000001000000
0000000001000000
0000000001000000
0000000001000000
0000000001000000
0000100101010101
0000100100010000
0000000001000000
0000100100010100
0000100100001111
0000000001000000
0000100100000100
0000100100000001
0000100100010100
0000100100000101
0000100100100111
0000000001000000
0000000001000000
0000000001000000
0000000001000000
0000000001000000
0000000001000000
0000000001000000
0000000001000000
0000000001000000
0000000001000000
0000000001000000
0000000001000000
0000000001000000
0000000001000000
0000000001000000
0000000001000000
0000000001000000
0000000001000000
0000000001000000
0000000001000000
0000000001000000
0000000001010000
0000000000000001
0000000000000111
0000000000000101
0000000001000000
0000000000011011
0000000001000000
0000000000001111
0000000000000110
0000000001000000
0000000000011100
0000000000100111
0000000001000000
0000000001000000
0000000001000000
0000000001000000
