0000000001001100
0000000000001111
0000000000000001
0000000000000100
0000000000001001
0000000000001110
0000000000000111
0000000001101001
0000000001000000
0000000001000000
0000000001000000
0000000001000000
0000000001000000
0000000001000000
0000000001000000
0000000001000000
0000000001010000
0000000000001111
0000000000010111
0000000000000101
0000000000010010
0000000001001101
0000000000001111
0000000000001110
0000000000001001
0000000000010100
0000000000001111
0000000000010010
0000000001010110
0000000000011101
0000000001000000
0000000001000000
0000000001000000
0000000001000000
0000000001000000
0000000001000000
0000000001000000
0000000001000000
0000000001000000
0000000001000000
0000000001000000
0000000001000000
0000000001000000
0000000001000000
0000000001000000
0000000001000000
0000000001000000
0000000001000000
0000000001000001
0000000000010101
0000000000010100
0000000000001000
0000000000001111
0000000000010010
0000000001101001
0000000001000000
0000000001000000
0000000001000000
0000000001000000
0000000001000000
0000000001000000
0000000001000000
0000000001000000
0000000001000000
0000000000000011
0000000000001100
0000000000010100
0000000001100101
0000000000001101
0000000000001101
0000000001000000
0000000001000000
0000000001000000
0000000001000000
0000000001000000
0000000001000000
0000000001000000
0000000001000000
0000000001000000
0000000001000000
0000000001000000
0000000001000000
0000000001000000
0000000001000000
0000000001000000
0000000001000000
0000000001000000
0000000001000000
0000000001000000
0000000001000000
0000000001000000
0000000001000000
0000000001000000
0000000001000000
0000000001000000
0000000001000000
0000000001000000
0000000001000000
0000000001000000
0000000001000000
0000000001000000
0000000001000000
0000000001000000
0000000001000000
0000000001000000
0000000001000000
0000000001000000
0000000001000000
0000000001000000
0000000001000000
0000000001000000
0000000001000000
0000000001000000
0000000001000000
0000000001000000
0000000001000000
0000000001000000
0000000001000000
0000000001000000
0000000001000000
0000000001000000
0000000001000000
0000000001000000
0000000001000000
0000000001000000
0000000001000000
0000000001000000
0000000001000000
0000000001000000
0000000001000000
0000000001000000
0000000001010111
0000000000000001
0000000000001001
0000000000010100
0000000000001001
0000000000001110
0000000000000111
0000000000100111
0000000000100111
0000000000100111
0000000001000000
0000000001000000
0000000001000000
0000000001000000
0000000001000000
0000000001000000
0000000001000000
0000000001000000
0000000001000000
0000000001000000
0000000001000000
0000000001000000
0000000001000000
0000000001000000
0000000001000000
0000000001000000
0000000001000000
0000000001000000
0000000001000000
0000000001000000
0000000001000000
0000000001000000
0000000001000000
0000000001000000
0000000001000000
0000000001000000
0000000001000000
0000000001000000
0000000001000000
0000000001000000
0000000001000000
0000000001000000
0000000001000000
0000000001000000
0000000001000000
0000000001000000
0000000001000000
0000000001000000
0000000001000000
0000000001000000
0000000001000000
0000000001000000
0000000001000000
0000000001000000
0000000001000000
0000000001000000
0000000001000000
0000000001000000
0000000001000000
0000000001000000
0000000001000000
0000000001000000
0000000001000000
0000000001000000
0000000001000000
0000000001000000
0000000001000000
0000000001000000
0000000001000000
0000000001000000
0000000001000000
0000000001000000
0000000001000000
0000000001000000
0000000001000000
0000000001000000
0000000001000000
0000000001000000
0000000001000000
0000000001000000
0000000001000000
0000000001000000
0000000001000000
0000000001000000
0000000001000000
0000000001000000
0000000001000000
0000000001000000
0000000001000000
0000000001000000
0000000001000000
0000000001000000
0000000001000000
0001001001000001
0001001001001101
0001001001001001
0000000001000000
0000000001000000
0000000001000000
0000000001000000
0000000001000000
0000000001000000
0000000001000000
0000000001000000
0000000001000000
0000000001000000
0000000001000000
0000000001000000
0000000001000000
0000000000011100
0000000000100100
0000000000011100
0000000000011111
0000000001000000
0000000001100011
0000000000000011
0000000001100100
0000000001000000
0000000001000000
0000000001000000
0000000001000000
0000000001000000
0000000001000000
0000000001000000
0000000001000000
